120 120
480 120
480 300
600 300
600 240
720 240
720 180
540 180
540 120
780 120
780 180
840 180
840 120
900 120
900 300
840 300
840 240
780 240
780 300
660 300
660 360
420 360
420 180
360 180
360 360
300 360
300 300
240 300
240 360
180 360
180 420
240 420
240 480
300 480
300 420
660 420
660 480
600 480
600 540
720 540
720 360
900 360
900 480
960 480
960 420
1020 420
1020 540
1260 540
1260 480
1140 480
1140 420
1080 420
1080 360
960 360
960 120
1200 120
1200 180
1260 180
1260 120
1320 120
1320 360
1260 360
1260 240
1140 240
1140 180
1020 180
1020 300
1140 300
1140 360
1200 360
1200 420
1320 420
1320 600
960 600
960 540
900 540
900 600
840 600
840 420
780 420
780 600
540 600
540 480
360 480
360 540
480 540
480 600
300 600
300 540
240 540
240 600
120 600
120 540
180 540
180 480
120 480
120 300
180 300
180 240
300 240
300 180
120 180
120 120