120 120
180 120
180 180
240 180
240 120
300 120
300 240
180 240
180 300
300 300
300 360
240 360
240 420
300 420
300 480
360 480
360 540
660 540
660 480
720 480
720 420
540 420
540 480
420 480
420 420
480 420
480 360
420 360
420 300
360 300
360 240
420 240
420 180
360 180
360 120
480 120
480 180
540 180
540 120
780 120
780 180
840 180
840 120
900 120
900 360
960 360
960 420
1020 420
1020 480
1080 480
1080 420
1260 420
1260 180
1200 180
1200 360
1140 360
1140 300
1080 300
1080 360
1020 360
1020 240
960 240
960 120
1020 120
1020 180
1080 180
1080 240
1140 240
1140 120
1320 120
1320 480
1260 480
1260 540
1320 540
1320 600
1200 600
1200 480
1140 480
1140 600
1080 600
1080 540
1020 540
1020 600
840 600
840 540
960 540
960 480
900 480
900 420
840 420
840 240
780 240
780 300
660 300
660 240
720 240
720 180
600 180
600 240
480 240
480 300
540 300
540 360
780 360
780 540
720 540
720 600
300 600
300 540
240 540
240 480
180 480
180 600
120 600
120 420
180 420
180 360
120 360
120 120