120 120
360 120
360 180
420 180
420 240
480 240
480 300
420 300
420 420
360 420
360 240
300 240
300 180
180 180
180 240
240 240
240 300
300 300
300 480
180 480
180 540
420 540
420 480
480 480
480 360
540 360
540 300
600 300
600 240
660 240
660 180
720 180
720 120
960 120
960 360
840 360
840 300
900 300
900 180
780 180
780 240
720 240
720 300
660 300
660 360
600 360
600 420
540 420
540 480
660 480
660 540
780 540
780 480
720 480
720 360
780 360
780 420
840 420
840 540
900 540
900 480
960 480
960 420
1020 420
1020 480
1080 480
1080 420
1200 420
1200 300
1260 300
1260 180
1200 180
1200 240
1140 240
1140 360
1020 360
1020 300
1080 300
1080 240
1020 240
1020 120
1080 120
1080 180
1140 180
1140 120
1320 120
1320 360
1260 360
1260 480
1320 480
1320 600
1260 600
1260 540
1200 540
1200 480
1140 480
1140 600
1080 600
1080 540
960 540
960 600
600 600
600 540
480 540
480 600
120 600
120 420
240 420
240 360
180 360
180 300
120 300
120 120