120 120
180 120
180 180
240 180
240 120
540 120
540 180
600 180
600 240
660 240
660 420
540 420
540 480
480 480
480 540
600 540
600 480
780 480
780 420
840 420
840 300
900 300
900 180
840 180
840 240
780 240
780 360
720 360
720 180
780 180
780 120
1320 120
1320 360
1140 360
1140 540
1200 540
1200 480
1260 480
1260 420
1320 420
1320 540
1260 540
1260 600
900 600
900 540
960 540
960 420
1020 420
1020 540
1080 540
1080 360
1020 360
1020 240
1080 240
1080 300
1140 300
1140 240
1200 240
1200 300
1260 300
1260 180
960 180
960 360
900 360
900 480
840 480
840 600
780 600
780 540
660 540
660 600
420 600
420 480
360 480
360 360
300 360
300 300
360 300
360 240
420 240
420 420
480 420
480 360
600 360
600 300
540 300
540 240
480 240
480 180
300 180
300 240
180 240
180 360
240 360
240 420
300 420
300 540
360 540
360 600
120 600
120 540
240 540
240 480
180 480
180 420
120 420
120 120