120 120
300 120
300 180
360 180
360 120
420 120
420 180
480 180
480 300
420 300
420 240
240 240
240 180
180 180
180 300
360 300
360 360
300 360
300 420
420 420
420 540
480 540
480 360
540 360
540 240
600 240
600 180
660 180
660 120
720 120
720 240
660 240
660 300
600 300
600 420
540 420
540 540
840 540
840 480
960 480
960 420
1140 420
1140 540
1200 540
1200 180
1080 180
1080 240
1140 240
1140 360
1080 360
1080 300
1020 300
1020 360
960 360
960 300
900 300
900 180
840 180
840 360
900 360
900 420
780 420
780 480
660 480
660 420
720 420
720 360
780 360
780 120
960 120
960 240
1020 240
1020 120
1320 120
1320 180
1260 180
1260 240
1320 240
1320 300
1260 300
1260 360
1320 360
1320 420
1260 420
1260 480
1320 480
1320 540
1260 540
1260 600
1080 600
1080 480
1020 480
1020 600
960 600
960 540
900 540
900 600
360 600
360 480
240 480
240 360
180 360
180 540
300 540
300 600
120 600
120 120