120 120
180 120
180 180
240 180
240 120
300 120
300 180
360 180
360 120
660 120
660 240
720 240
720 120
900 120
900 240
960 240
960 120
1020 120
1020 180
1080 180
1080 120
1260 120
1260 180
1320 180
1320 360
1260 360
1260 480
1320 480
1320 600
1260 600
1260 540
1200 540
1200 600
780 600
780 540
1140 540
1140 480
1200 480
1200 300
1260 300
1260 240
1200 240
1200 180
1140 180
1140 420
1080 420
1080 480
780 480
780 420
720 420
720 540
660 540
660 600
420 600
420 540
480 540
480 480
420 480
420 360
180 360
180 420
240 420
240 480
300 480
300 420
360 420
360 600
300 600
300 540
240 540
240 600
120 600
120 540
180 540
180 480
120 480
120 300
480 300
480 420
540 420
540 540
600 540
600 480
660 480
660 360
840 360
840 420
1020 420
1020 360
1080 360
1080 240
1020 240
1020 300
960 300
960 360
900 360
900 300
840 300
840 180
780 180
780 300
600 300
600 360
540 360
540 240
600 240
600 180
420 180
420 240
120 240
120 120