120 120
180 120
180 180
240 180
240 120
480 120
480 180
540 180
540 120
600 120
600 300
540 300
540 240
420 240
420 180
300 180
300 240
360 240
360 300
480 300
480 360
540 360
540 420
480 420
480 540
540 540
540 480
600 480
600 360
660 360
660 120
720 120
720 180
780 180
780 120
1020 120
1020 180
960 180
960 240
1080 240
1080 120
1320 120
1320 300
1200 300
1200 240
1260 240
1260 180
1140 180
1140 300
900 300
900 180
840 180
840 240
720 240
720 420
660 420
660 480
780 480
780 540
900 540
900 480
840 480
840 420
780 420
780 300
840 300
840 360
900 360
900 420
960 420
960 360
1140 360
1140 540
1200 540
1200 360
1320 360
1320 420
1260 420
1260 480
1320 480
1320 540
1260 540
1260 600
1020 600
1020 540
1080 540
1080 420
1020 420
1020 480
960 480
960 600
720 600
720 540
600 540
600 600
420 600
420 360
360 360
360 540
300 540
300 600
240 600
240 540
180 540
180 600
120 600
120 300
180 300
180 480
300 480
300 420
240 420
240 360
300 360
300 300
240 300
240 240
120 240
120 120