120 180
180 180
180 120
300 120
300 180
240 180
240 240
180 240
180 360
240 360
240 300
300 300
300 360
360 360
360 120
660 120
660 180
720 180
720 240
780 240
780 120
960 120
960 180
1020 180
1020 300
1080 300
1080 240
1260 240
1260 180
1080 180
1080 120
1320 120
1320 420
1260 420
1260 540
1320 540
1320 600
960 600
960 540
1020 540
1020 420
1140 420
1140 480
1080 480
1080 540
1200 540
1200 360
1260 360
1260 300
1140 300
1140 360
900 360
900 300
960 300
960 240
900 240
900 180
840 180
840 360
780 360
780 300
660 300
660 240
600 240
600 180
540 180
540 300
600 300
600 360
660 360
660 420
780 420
780 480
840 480
840 420
960 420
960 480
900 480
900 600
840 600
840 540
780 540
780 600
720 600
720 480
660 480
660 600
600 600
600 420
540 420
540 360
480 360
480 180
420 180
420 420
240 420
240 480
300 480
300 540
360 540
360 480
420 480
420 540
480 540
480 480
540 480
540 600
240 600
240 540
180 540
180 600
120 600
120 480
180 480
180 420
120 420
120 180