120 120
240 120
240 180
300 180
300 120
600 120
600 240
540 240
540 180
480 180
480 360
420 360
420 480
480 480
480 420
540 420
540 300
660 300
660 240
720 240
720 180
660 180
660 120
900 120
900 180
960 180
960 360
1140 360
1140 420
960 420
960 480
1020 480
1020 540
1080 540
1080 480
1260 480
1260 360
1200 360
1200 240
1140 240
1140 300
1020 300
1020 240
1080 240
1080 180
1020 180
1020 120
1140 120
1140 180
1200 180
1200 120
1320 120
1320 180
1260 180
1260 300
1320 300
1320 540
1260 540
1260 600
1200 600
1200 540
1140 540
1140 600
960 600
960 540
900 540
900 240
840 240
840 180
780 180
780 300
720 300
720 360
600 360
600 480
540 480
540 540
780 540
780 480
660 480
660 420
780 420
780 360
840 360
840 600
480 600
480 540
420 540
420 600
360 600
360 300
420 300
420 180
360 180
360 240
240 240
240 300
300 300
300 360
180 360
180 540
240 540
240 420
300 420
300 600
120 600
120 300
180 300
180 180
120 180
120 120